10 35 0 0 0 0 
9.99985 34.9714 -0.0311858 -0.00297725 -0.286396 -0.311858 
9.9987 34.9035 -0.0989348 -0.00977457 -0.392188 -0.365633 
9.99543 34.8145 -0.177439 -0.024282 -0.497193 -0.419407 
10.0014 34.7708 -0.183075 0.0847091 0.0596173 0.363041 
10.0147 34.7596 -0.102433 0.051121 -0.171867 0.443381 
10.0232 34.7019 -0.00572304 0.0381666 -0.405388 0.523721 
10.0305 34.6365 0.0557926 0.0331162 -0.248792 0.0914347 
10.0363 34.6024 0.0308508 0.0252021 -0.092294 -0.340852 
10.0413 34.5996 -0.0805482 0.0279651 0.0643027 -0.773139 
10.0441 34.5883 -0.143251 -0.00287606 -0.176809 0.146107 
10.0434 34.5518 -0.130408 -0.00435627 -0.187781 -0.0176735 
10.0423 34.5132 -0.150321 -0.00587523 -0.198747 -0.181454 
10.041 34.4724 -0.20299 -0.00779089 -0.20965 -0.345235 
10.0392 34.4293 -0.288415 -0.0104537 -0.220393 -0.509016 
10.0361 34.3823 -0.408274 -0.0211538 -0.250136 -0.689579 
10.0304 34.3294 -0.564247 -0.0358353 -0.278114 -0.870142 
10.0588 34.3243 -0.676656 0.328273 0.220512 -0.253955 
10.1361 34.3829 -0.654585 0.444746 0.365204 0.47467 
10.1941 34.4135 -0.60992 0.138233 -0.0606421 -0.0280202 
10.1912 34.3587 -0.665793 -0.170646 -0.484744 -0.53071 
10.1961 34.3079 -0.775144 0.227458 -0.0307797 -0.562801 
10.2389 34.2992 -0.88421 0.200503 -0.0554186 -0.527856 
10.2761 34.2859 -0.986287 0.171099 -0.0770814 -0.492911 
10.3398 34.2889 -1.04861 0.467649 0.103637 -0.130326 
10.4059 34.294 -1.05503 0.19332 -0.0518715 0.0660892 
10.4173 34.2679 -1.02217 -0.0789179 -0.210985 0.262505 
10.4225 34.2385 -1.06865 0.131724 -0.0841811 -0.727279 
10.4769 34.236 -1.11879 0.41387 0.0560254 0.225866 
10.5505 34.2426 -1.10434 0.321969 0.00999428 -0.08131 
10.6056 34.2401 -1.15132 0.22934 -0.0345327 -0.388486 
10.642 34.2293 -1.25973 0.133572 -0.0717208 -0.695661 
10.6762 34.2169 -1.40348 0.208886 -0.0532933 -0.741785 
10.7257 34.2072 -1.55645 0.286087 -0.0462015 -0.787909 
10.718 34.2003 -1.7048 -0.361779 -0.00639588 -0.695593 
10.7044 34.1891 -1.77175 0.224174 -0.112722 0.0260598 
10.7629 34.1637 -1.81096 0.360699 -0.142272 -0.418121 
10.8485 34.1314 -1.939 0.494197 -0.183096 -0.862302 
10.8951 34.1177 -2.03746 -0.0236609 0.054259 -0.122323 
10.9364 34.1053 -2.02206 0.436946 -0.177175 0.276309 
11.0235 34.07 -1.97613 0.433962 -0.175818 0.183015 
11.11 34.0349 -1.94886 0.430929 -0.174571 0.0897204 
11.1959 34.0001 -1.94024 0.427875 -0.173378 -0.00357378 
11.2811 33.9656 -1.95029 0.424821 -0.172184 -0.096868 
11.3658 33.9313 -1.97899 0.421791 -0.17093 -0.190162 
11.4498 33.8972 -2.02635 0.418811 -0.169562 -0.283456 
11.5333 33.8634 -2.09237 0.415914 -0.168028 -0.376751 
11.6162 33.83 -2.17705 0.413141 -0.16628 -0.470045 
11.6127 33.8599 -2.23927 -0.441659 0.473701 -0.152175 
11.6159 33.8815 -2.24119 0.473363 -0.257486 0.133018 
11.6889 33.8472 -2.27464 0.257876 -0.0842583 -0.467516 
11.7488 33.8229 -2.34338 0.339773 -0.15939 -0.219932 
11.8246 33.7832 -2.36261 0.418301 -0.238064 0.0276516 
11.88 33.7646 -2.40543 0.137295 0.0542779 -0.455866 
11.8814 33.8066 -2.54496 -0.115742 0.370757 -0.939385 
11.8767 33.8502 -2.66805 0.0629777 0.0616992 -0.291508 
11.9053 33.8306 -2.66156 0.223487 -0.257447 0.356368 
11.952 33.7755 -2.61036 0.243353 -0.293048 0.155641 
12.0028 33.7134 -2.5993 0.264319 -0.328017 -0.0450852 
12.0577 33.6443 -2.62839 0.284969 -0.363173 -0.245812 
12.1166 33.5681 -2.69763 0.303863 -0.399295 -0.446538 
12.179 33.4845 -2.80701 0.319455 -0.436947 -0.647265 
12.2441 33.3932 -2.95653 0.330052 -0.476279 -0.847991 
12.2977 33.3894 -3.09042 0.226804 0.440379 -0.490823 
12.3448 33.3904 3.10362 0.231244 -0.430102 -0.400638 
12.3916 33.3116 2.98566 0.237783 -0.358155 -0.779014 
12.4563 33.3233 2.85584 0.427779 0.471304 -0.519139 
12.533 33.3907 2.76416 0.335046 0.203733 -0.397716 
12.589 33.4053 2.69676 0.221328 -0.0556646 -0.276294 
12.6206 33.3688 2.65364 0.0934425 -0.308414 -0.154871 
12.6551 33.337 2.69001 0.249502 -0.00937675 0.518588 
12.7197 33.3675 2.74294 0.393657 0.31635 0.0106796 
12.8014 33.4378 2.69838 0.42415 0.38591 -0.456232 
12.8898 33.5217 2.56045 0.460829 0.452355 -0.923144 
12.9117 33.5168 2.42419 -0.262805 -0.485176 -0.439411 
12.9011 33.466 2.39758 0.158713 -0.0243885 0.173318 
12.9043 33.43 2.37821 -0.127423 -0.334822 -0.367039 
12.8798 33.364 2.27122 -0.117347 -0.325254 -0.702813 
12.8563 33.2989 2.13949 -0.117846 -0.32562 -0.614564 
12.8327 33.2338 2.0254 -0.118385 -0.325922 -0.526315 
12.809 33.1686 1.92896 -0.118954 -0.326166 -0.438065 
12.7851 33.1033 1.85017 -0.119542 -0.326359 -0.349816 
12.7611 33.038 1.78903 -0.120142 -0.32651 -0.261567 
12.7371 32.9727 1.74554 -0.120749 -0.32663 -0.173317 
12.7128 32.9074 1.71971 -0.121359 -0.326729 -0.0850681 
12.6885 32.842 1.71152 -0.121972 -0.326818 0.00318122 
12.6641 32.7766 1.72098 -0.122584 -0.326906 0.0914305 
12.6395 32.7112 1.74809 -0.123195 -0.327006 0.17968 
12.5964 32.6421 1.83945 -0.306791 -0.366856 0.733956 
12.5858 32.5851 1.94881 0.198 -0.194192 0.359585 
12.6241 32.5457 1.94844 0.184083 -0.199911 -0.363296 
12.6846 32.5145 1.87882 0.422357 -0.115001 -0.332889 
12.7281 32.4797 1.77636 0.0108589 -0.225692 -0.691685 
12.694 32.4288 1.62723 -0.353596 -0.274377 -0.799606 
12.7039 32.3747 1.50718 0.4531 -0.282636 -0.400923 
12.7161 32.3245 1.48893 -0.330765 -0.217374 0.218394 
12.7164 32.2759 1.47898 0.333536 -0.269231 -0.317838 
12.7787 32.2226 1.43309 0.289173 -0.263985 -0.141063 
12.8321 32.1704 1.42256 0.244971 -0.257489 0.0357117 
12.8767 32.1196 1.44738 0.200726 -0.251309 0.212487 
12.9124 32.0698 1.50755 0.156263 -0.247015 0.389262 
12.9392 32.0205 1.60308 0.111611 -0.246192 0.566036 
12.957 31.971 1.73397 0.0671675 -0.250417 0.742811 
12.9661 31.9199 1.90021 0.0238574 -0.261169 0.919586 
13.0173 31.8861 2.00166 0.485126 -0.0694668 0.094913 
13.0625 31.848 2.01272 -0.0328997 -0.311896 0.0157447 
13.0542 31.7848 2.00459 -0.050062 -0.31997 -0.0970817 
13.0425 31.7201 1.97389 -0.0673771 -0.32771 -0.209908 
13.0272 31.6538 1.92062 -0.0850004 -0.334715 -0.322734 
13.0084 31.5863 1.84479 -0.103037 -0.340568 -0.435561 
12.986 31.5177 1.7464 -0.121511 -0.344829 -0.548387 
12.9598 31.4485 1.62544 -0.140336 -0.347041 -0.661213 
12.9299 31.379 1.48191 -0.159285 -0.346753 -0.77404 
12.8774 31.3124 1.37322 -0.365116 -0.315451 -0.312908 
12.8252 31.2447 1.3062 -0.157218 -0.364205 -0.357257 
12.8142 31.1658 1.23032 0.0466572 -0.427673 -0.401607 
12.8005 31.0891 1.15058 -0.182054 -0.336204 -0.395795 
12.7419 31.0325 1.072 -0.402817 -0.226936 -0.389983 
12.6622 30.9866 1.05973 -0.394733 -0.23152 0.267323 
12.584 30.9399 1.17893 -0.386421 -0.235664 0.92463 
12.5675 30.871 1.27847 0.224361 -0.443414 0.0708311 
12.6273 30.7778 1.27816 0.373805 -0.488021 -0.0739989 
12.6615 30.692 1.35401 -0.0327738 -0.375575 0.832542 
12.6094 30.6244 1.50945 -0.490446 -0.312376 0.721811 
12.5588 30.5615 1.67896 -0.015196 -0.303243 0.973354 
12.5183 30.4947 1.80371 -0.38892 -0.372098 0.274152 
12.4296 30.4177 1.76822 -0.497901 -0.397641 -0.629135 
12.3487 30.3413 1.71956 -0.310885 -0.367417 0.142594 
12.2755 30.266 1.80285 -0.421408 -0.387675 0.690262 
12.2762 30.2129 1.95177 0.421835 -0.122481 0.798951 
12.3403 30.1791 2.09833 0.222219 -0.220501 0.66666 
12.3842 30.1346 2.22973 0.216413 -0.224419 0.647384 
12.4269 30.0892 2.35728 0.211161 -0.229053 0.628108 
12.4687 30.0429 2.48098 0.206531 -0.23431 0.608832 
12.5096 29.9955 2.60082 0.202573 -0.24009 0.589556 
12.5498 29.9469 2.7168 0.199323 -0.246296 0.57028 
12.5894 29.8969 2.82893 0.1968 -0.252832 0.551004 
12.6316 29.8563 2.92848 0.223435 -0.153153 0.444479 
12.6781 29.8358 3.00672 0.241119 -0.0514873 0.337955 
12.7275 29.8358 3.06366 0.251898 0.051153 0.23143 
12.7786 29.8563 3.09929 0.257916 0.154191 0.124906 
12.8305 29.8975 3.11362 0.261359 0.257351 0.0183811 
12.8818 29.9118 3.1228 0.252337 -0.113829 0.0734057 
12.9318 29.8519 -3.1402 0.248766 -0.485096 0.12843 
12.9809 29.8112 -3.10567 0.239085 0.0782998 0.216873 
13.0303 29.7853 3.13809 0.251584 -0.338079 -0.611127 
13.0818 29.7448 3.01151 0.269548 -0.0665735 -0.654672 
13.1405 29.7583 2.87622 0.322801 0.200237 -0.698217 
13.2134 29.8243 2.73222 0.412664 0.457012 -0.741762 
13.2692 29.8602 2.64379 0.137389 -0.0936382 -0.142546 
13.3162 29.8772 2.65011 0.332615 0.263341 0.205765 
13.3536 29.8751 2.6185 0.0380225 -0.282168 -0.521875 
13.3664 29.8271 2.52587 0.0916044 -0.198823 -0.404433 
13.3907 29.7953 2.45673 0.151755 -0.120068 -0.286992 
13.4274 29.7788 2.41107 0.216331 -0.0448842 -0.16955 
13.4774 29.7772 2.38891 0.283424 0.0280716 -0.0521082 
13.5408 29.79 2.39023 0.351275 0.100326 0.0653335 
13.6178 29.8174 2.41504 0.418174 0.173458 0.182775 
13.6799 29.8276 2.40303 0.202168 -0.0706185 -0.302855 
13.6977 29.79 2.2939 -0.0281031 -0.301059 -0.788485 
13.71 29.744 2.13803 0.154561 -0.163672 -0.770226 
13.7608 29.7226 1.98581 0.356153 -0.0559335 -0.751967 
13.8205 29.7068 1.90959 0.240232 -0.100169 -0.010197 
13.8569 29.6825 1.98173 0.124218 -0.144168 0.731573 
13.8804 29.653 2.10251 0.110939 -0.151007 0.476211 
13.9013 29.622 2.17222 0.098366 -0.15908 0.22085 
13.9198 29.5894 2.19085 0.0861592 -0.167703 -0.0345111 
13.9358 29.555 2.15841 0.0738936 -0.176241 -0.289872 
13.9493 29.5189 2.0749 0.0611571 -0.184052 -0.545234 
13.9602 29.4814 1.94032 0.0476524 -0.190427 -0.800595 
13.9601 29.4402 1.78496 -0.0495199 -0.219535 -0.752982 
13.9402 29.3946 1.63912 -0.149971 -0.233738 -0.705368 
13.9 29.3476 1.50281 -0.251433 -0.233674 -0.657755 
13.8397 29.302 1.37602 -0.352021 -0.220302 -0.610142 
13.7594 29.2603 1.25876 -0.450242 -0.194782 -0.562528 
13.7151 29.2045 1.12727 0.00349444 -0.373186 -0.752369 
13.7208 29.1273 1.02792 0.0526454 -0.400147 -0.241119 
13.7361 29.0443 1.03082 0.100459 -0.429459 0.270131 
13.761 28.9557 1.13597 0.149763 -0.456133 0.781381 
13.7918 28.8641 1.27345 0.158003 -0.459263 0.593446 
13.8243 28.772 1.37335 0.166559 -0.461395 0.40551 
13.8584 28.6796 1.43566 0.175261 -0.462828 0.217575 
13.8728 28.5896 1.4609 -0.0314876 -0.438008 0.034846 
13.8458 28.5043 1.44959 -0.238408 -0.41463 -0.147883 
13.7775 28.4242 1.40175 -0.444529 -0.385146 -0.330612 
13.7483 28.3361 1.38746 0.152252 -0.496724 0.187759 
13.7592 28.24 1.46283 -0.0433302 -0.466774 0.565961 
13.7308 28.1479 1.61384 -0.240902 -0.459111 0.944162 
13.7047 28.0584 1.78391 -0.0212996 -0.430131 0.756473 
13.7219 27.9781 1.91643 0.191528 -0.368354 0.568784 
13.7788 27.9116 1.9626 0.376893 -0.29432 -0.107103 
13.8342 27.8445 1.98342 0.177373 -0.377543 0.315239 
13.8501 27.7598 2.0887 -0.0164205 -0.473128 0.737582 
13.8683 27.6787 2.20441 0.195671 -0.333851 0.419532 
13.9275 27.6274 2.25651 0.395433 -0.17722 0.101482 
13.9949 27.5824 2.24474 0.278531 -0.272758 -0.219225 
14.0387 27.5187 2.16882 0.157583 -0.363059 -0.539931 
14.0773 27.4506 2.09019 0.229184 -0.318783 -0.246331 
14.1305 27.3909 2.07029 0.302896 -0.278077 0.0472688 
14.1984 27.3394 2.1091 0.376217 -0.236678 0.340869 
14.2808 27.2966 2.20664 0.446524 -0.190396 0.634469 
14.3498 27.2422 2.33701 0.247806 -0.357925 0.669249 
14.3869 27.1575 2.46096 0.125523 -0.491589 0.570254 
14.4203 27.0703 2.58346 0.206269 -0.378675 0.654801 
14.4684 27.0066 2.72288 0.271566 -0.256206 0.739349 
14.5277 26.9683 2.8792 0.318097 -0.125481 0.823897 
14.6011 26.9864 2.95202 0.410637 0.307305 -0.0957119 
14.6857 27.0605 2.93309 0.436012 0.43308 -0.0936234 
14.7656 27.1137 2.90593 0.361136 0.0993043 -0.177942 
14.8294 27.1004 2.86191 0.274435 -0.231579 -0.26226 
14.8844 27.0546 2.84737 0.276141 -0.22593 0.116814 
14.9398 27.01 2.90864 0.277714 -0.220243 0.495888 
14.9955 26.9665 3.04572 0.278716 -0.214432 0.874962 
15.0522 26.9458 -3.11126 0.284169 0.00684779 0.387048 
15.108 26.9692 -3.08264 0.272486 0.228026 -0.100865 
15.1615 27.037 3.13158 0.265269 0.449358 -0.588779 
15.2116 27.0503 3.0777 0.228797 -0.316243 0.050025 
15.2569 26.9778 3.12366 0.224488 -0.408059 0.409543 
15.3019 26.887 -3.04167 0.227703 -0.499875 0.769062 
15.3456 26.7998 -2.93406 0.207006 -0.372782 0.307025 
15.3842 26.7378 -2.91886 0.178535 -0.24714 -0.155011 
15.4173 26.701 -2.99606 0.153979 -0.120706 -0.617047 
15.4496 26.6634 -3.06161 0.167908 -0.255319 -0.0384719 
15.4844 26.5989 -3.01145 0.180803 -0.390046 0.540103 
15.5172 26.5405 -2.87712 0.142635 -0.194665 0.803225 
15.5456 26.5019 -2.71334 0.141376 -0.191171 0.834596 
15.5737 26.464 -2.54328 0.139554 -0.187934 0.865967 
15.6013 26.4267 -2.36695 0.137201 -0.18506 0.897338 
15.6285 26.3899 -2.18435 0.134374 -0.182653 0.928709 
15.6551 26.3536 -1.99547 0.131151 -0.180809 0.96008 
15.681 26.3176 -1.80031 0.127636 -0.179615 0.991452 
15.6586 26.2899 -1.64615 -0.352972 -0.109396 0.550214 
15.6466 26.2661 -1.50291 0.232627 -0.114822 0.882158 
15.6617 26.2396 -1.42369 -0.0810872 -0.153828 -0.089997 
15.6923 26.2154 -1.45338 0.387502 -0.0905594 -0.206883 
15.7715 26.1975 -1.45078 0.404639 -0.0886426 0.232871 
15.8541 26.18 -1.36023 0.421663 -0.085931 0.672625 
15.8801 26.1474 -1.21074 -0.158005 -0.254386 0.822342 
15.838 26.092 -1.07398 -0.261546 -0.302256 0.545259 
15.7758 26.0258 -0.992632 -0.359312 -0.361141 0.268176 
15.6945 25.9472 -0.966705 -0.453804 -0.425198 -0.0089065 
15.6523 25.8964 -0.907504 0.028318 -0.0784323 0.600922 
15.6678 25.889 -0.800109 0.125503 0.00665482 0.473025 
15.7019 25.8996 -0.718294 0.214234 0.100561 0.345128 
15.7531 25.9296 -0.662058 0.296289 0.200378 0.217231 
15.8202 25.98 -0.631401 0.373938 0.303674 0.0893341 
15.9025 26.0512 -0.626324 0.449732 0.408345 -0.0385629 
15.968 26.0984 -0.57134 0.207792 0.0616512 0.588404 
16.0257 26.1376 -0.508374 0.366521 0.3321 0.0412554 
16.1036 26.2126 -0.432304 0.411757 0.418644 0.719446 
16.175 26.2691 -0.275088 0.309224 0.142831 0.852716 
16.2305 26.2689 -0.0912173 0.255009 -0.146272 0.985987 
16.2827 26.2741 0.062856 0.257417 0.198282 0.554745 
16.338 26.269 0.0974049 0.299041 -0.248649 -0.209256 
16.399 26.2065 0.0796382 0.309914 -0.377006 0.0315888 
16.4561 26.2028 0.000768544 0.270817 0.34095 -0.820285 
16.5099 26.262 -0.0904498 0.265692 0.25112 -0.0918978 
16.5623 26.3033 -0.0359906 0.258917 0.161379 0.63649 
16.6139 26.2775 0.0393389 0.264914 -0.418812 0.116805 
16.6638 26.2786 0.000142579 0.239295 0.430151 -0.508768 
16.7101 26.3005 -0.0453459 0.218785 -0.210983 0.0538839 
16.7536 26.2543 -0.0992969 0.216276 -0.251701 -0.593395 
16.797 26.2047 -0.217352 0.217576 -0.243564 -0.587154 
16.8407 26.1568 -0.334159 0.219821 -0.235636 -0.580914 
16.885 26.1105 -0.449717 0.222969 -0.228022 -0.574673 
16.93 26.0656 -0.564028 0.226969 -0.220818 -0.568433 
16.9758 26.0221 -0.67709 0.231762 -0.214115 -0.562192 
17.0227 25.9799 -0.788905 0.237276 -0.207992 -0.555952 
17.0708 25.9389 -0.899471 0.243435 -0.202519 -0.549711 
17.1201 25.8988 -1.00879 0.250158 -0.197754 -0.543471 
17.1709 25.8597 -1.11686 0.257358 -0.193747 -0.537231 
17.2085 25.8146 -1.15382 0.118699 -0.256286 0.167675 
17.2185 25.7569 -1.04979 -0.0177324 -0.323413 0.87258 
17.2307 25.7025 -0.871494 0.136819 -0.215504 0.910373 
17.2718 25.6724 -0.68564 0.269261 -0.0814088 0.948166 
17.3366 25.6715 -0.492228 0.374039 0.0752286 0.985959 
17.3891 25.6381 -0.32449 0.164921 -0.414668 0.691424 
17.424 25.5618 -0.195603 0.182629 -0.347693 0.597441 
17.4616 25.4992 -0.0855131 0.192228 -0.279072 0.503458 
17.5004 25.4503 0.00578027 0.194882 -0.209823 0.409476 
17.5392 25.4152 0.0782771 0.191861 -0.140581 0.315493 
17.5769 25.394 0.131977 0.18448 -0.0716592 0.22151 
17.6128 25.3865 0.166881 0.174052 -0.00312764 0.127528 
17.6464 25.3927 0.182988 0.16188 0.0651185 0.0335449 
17.6775 25.4126 0.180299 0.14925 0.133282 -0.0604378 
17.718 25.3775 0.135086 0.25103 -0.48477 -0.39169 
17.7657 25.3015 0.123453 0.226155 -0.275211 0.275359 
17.8077 25.2673 0.24523 0.189804 -0.0674651 0.942407 
17.8493 25.2419 0.378452 0.228968 -0.185229 0.38981 
17.8999 25.1934 0.401154 0.277219 -0.299668 -0.162787 
17.96 25.122 0.313337 0.321705 -0.415582 -0.715385 
18.008 25.0976 0.194972 0.170855 0.175111 -0.468261 
18.0463 25.1099 0.178558 0.210827 -0.0524349 0.304122 
18.0945 25.0697 0.255889 0.275452 -0.349119 0.469185 
18.1288 25.0733 0.279725 0.0648732 0.384642 -0.230823 
18.1642 25.0684 0.251444 0.285087 -0.434571 -0.0519922 
18.2166 24.9998 0.242754 0.239 -0.251652 -0.0349022 
18.2599 24.9678 0.237483 0.194192 -0.0684153 -0.0178122 
18.2943 24.9724 0.235629 0.150036 0.11498 -0.000722234 
18.3199 25.0138 0.237194 0.105907 0.298382 0.0163678 
18.3554 25.0129 0.20175 0.245238 -0.307803 -0.370804 
18.3929 25.0121 0.189624 0.131201 0.300393 0.24954 
18.4199 25.0686 0.22418 0.1389 0.264175 0.096017 
18.4485 25.1178 0.228031 0.147294 0.228109 -0.0575065 
18.4788 25.1598 0.201177 0.155272 0.19195 -0.21103 
18.5105 25.1946 0.143619 0.161717 0.15549 -0.364554 
18.5433 25.222 0.0553556 0.165488 0.118665 -0.518077 
18.5759 25.2627 -0.00217788 0.162276 0.28852 -0.0572574 
18.6084 25.3374 0.0324526 0.161009 0.458415 0.403562 
18.6426 25.391 0.0830704 0.184964 0.0773273 0.102616 
18.6829 25.3684 0.0734991 0.216738 -0.303228 -0.19833 
18.7215 25.382 0.0529492 0.172107 0.439254 -0.00716911 
18.7558 25.4729 0.0350096 0.170653 0.470358 -0.172227 
18.7907 25.5358 0.0223244 0.178462 0.158571 0.0453747 
18.8273 25.5364 0.0531595 0.189099 -0.153121 0.262976 
18.8675 25.4746 0.127515 0.216103 -0.463764 0.480577 
18.9012 25.447 0.137903 0.119678 0.18747 -0.376691 
18.9309 25.4344 0.0805767 0.173237 -0.314776 -0.196575 
18.9597 25.4455 0.113377 0.110154 0.425956 0.524581 
18.9828 25.5237 0.230748 0.122196 0.3558 0.649122 
19.0091 25.588 0.373026 0.143214 0.287811 0.773664 
19.0407 25.6391 0.540213 0.174448 0.223895 0.898205 
19.1027 25.643 0.6336 0.451428 -0.179852 0.0356689 
19.1943 25.6052 0.572343 0.464963 -0.199039 -0.64824 
19.2811 25.5759 0.461298 0.404568 -0.0920039 -0.462215 
19.3569 25.5687 0.387457 0.354297 0.0201818 -0.27619 
19.4232 25.5842 0.350822 0.310289 0.134992 -0.0901647 
19.4811 25.6227 0.351391 0.268356 0.250583 0.0958605 
19.5304 25.6844 0.389166 0.224217 0.365342 0.281886 
19.5704 25.7687 0.464146 0.173691 0.477412 0.467911 
19.6049 25.8645 0.524118 0.17191 0.480674 0.131808 
19.6391 25.961 0.516869 0.170044 0.483888 -0.204294 
19.673 26.0581 0.4424 0.16831 0.487176 -0.540397 
19.7065 26.1559 0.30071 0.166943 0.490629 -0.876499 
19.7485 26.2203 0.170384 0.245466 0.152294 -0.426759 
19.8027 26.2164 0.130007 0.294893 -0.191723 0.0229817 
19.8547 26.2302 0.141895 0.224168 0.33001 0.0959054 
19.9044 26.2631 0.132452 0.271551 -0.00155768 -0.190344 
19.9625 26.2295 0.0657578 0.306274 -0.334628 -0.476594 
20.0243 26.1481 -0.00656876 0.310014 -0.479768 -0.246672 
20.087 26.0853 -0.0364387 0.318217 -0.148361 -0.0520273 
20.1518 26.0887 -0.0273797 0.329869 0.182954 0.142618 
20.2169 26.0862 -0.0229677 0.321584 -0.208601 -0.0984986 
20.281 26.0375 -0.0503186 0.31914 -0.277672 -0.17501 
20.3444 25.9751 -0.0929719 0.314281 -0.346612 -0.251522 
20.4065 25.8989 -0.150928 0.305962 -0.415215 -0.328034 
20.4692 25.825 -0.139691 0.320459 -0.324295 0.440402 
20.5372 25.7927 -0.103834 0.357464 0.00161978 -0.0818338 
20.6125 25.8256 -0.172424 0.399792 0.326839 -0.60407 
20.6953 25.9043 -0.265099 0.430048 0.459979 -0.322682 
20.7586 25.9191 -0.323536 0.195773 -0.310076 -0.261679 
20.8174 25.9124 -0.37241 0.396325 0.241823 -0.227067 
20.8722 25.9003 -0.395746 0.149625 -0.362189 -0.00628983 
20.9128 25.8543 -0.302684 0.251457 -0.095647 0.936912 
20.9581 25.816 -0.175021 0.206419 -0.288961 0.339711 
20.9962 25.7386 -0.166799 0.174587 -0.485019 -0.25749 
21.0414 25.6973 -0.207091 0.281021 0.0719702 -0.145424 
21.0896 25.6774 -0.303645 0.195809 -0.270126 -0.820118 
21.141 25.6574 -0.394731 0.323566 0.0679089 -0.090748 
21.2195 25.7044 -0.339944 0.457465 0.403643 0.638622 
21.2986 25.7467 -0.298474 0.336377 0.0187945 -0.223919 
21.38 25.7926 -0.405262 0.485257 0.43763 -0.843969 
21.4338 25.7899 -0.483401 0.0414782 -0.459337 0.062588 
21.4811 25.7733 -0.461111 0.428317 0.294937 0.160308 
21.563 25.8246 -0.462544 0.390461 0.217803 -0.174643 
21.6371 25.8605 -0.530968 0.349942 0.142053 -0.509593 
21.7025 25.8817 -0.666382 0.301954 0.070858 -0.844544 
21.7582 25.8905 -0.777382 0.254281 0.0177511 -0.265454 
21.804 25.889 -0.772563 0.203831 -0.0327771 0.313637 
21.8557 25.894 -0.74774 0.313314 0.0838454 -0.0654054 
21.9294 25.9224 -0.798725 0.424305 0.199016 -0.444448 
22.0024 25.9509 -0.796869 0.30514 0.0862371 0.463009 
22.0539 25.9584 -0.738625 0.211207 -0.0121934 0.119438 
22.087 25.9459 -0.749094 0.11964 -0.112853 -0.224133 
22.1015 25.9136 -0.828278 0.0236786 -0.209284 -0.567704 
22.0958 25.863 -0.976176 -0.082521 -0.294166 -0.911275 
22.1294 25.8341 -1.12726 0.426466 -0.00686142 -0.599609 
22.1774 25.8162 -1.15906 0.0521192 -0.170878 0.281674 
22.1989 25.7871 -1.08557 0.16265 -0.118081 0.453184 
22.2421 25.7696 -0.977784 0.26792 -0.0555126 0.624695 
22.3055 25.7658 -0.835694 0.364539 0.0196593 0.796206 
22.387 25.7784 -0.659301 0.447977 0.10916 0.967717 
22.4361 25.7417 -0.530925 0.0552933 -0.484684 0.31605 
22.4589 25.6659 -0.462833 0.170528 -0.272586 0.36487 
22.5033 25.6332 -0.384977 0.269986 -0.0526644 0.41369 
22.5657 25.6453 -0.297357 0.350924 0.174709 0.46251 
22.6422 25.7035 -0.199973 0.410508 0.408569 0.51133 
22.7171 25.7412 -0.0791954 0.347013 -0.0334569 0.696442 
22.7851 25.6898 0.0786041 0.345503 -0.479826 0.881553 
22.8541 25.5947 0.159686 0.344385 -0.471598 -0.070738 
22.9131 25.5678 0.0910403 0.253055 0.203607 -0.615715 
22.9652 25.5848 0.0489176 0.266466 -0.033597 0.194488 
23.015 25.6292 0.134411 0.223501 0.477317 0.660445 
23.0657 25.692 0.282474 0.291445 0.151811 0.820189 
23.135 25.691 0.462487 0.411581 -0.158095 0.979933 
23.1971 25.6942 0.652799 0.198213 0.1833 0.923194 
23.2104 25.7613 0.831764 -0.0742519 0.479772 0.866454 
23.2018 25.8521 0.956929 -0.0100237 0.429051 0.385196 
23.2066 25.9333 0.985842 0.0579596 0.383396 -0.096062 
23.225 26.0053 0.918504 0.125043 0.33645 -0.57732 
23.2562 26.0675 0.83117 0.186758 0.2844 -0.296024 
23.2994 26.1189 0.800094 0.245301 0.228774 -0.0147284 
23.3543 26.159 0.825278 0.303681 0.172975 0.266567 
23.4211 26.1883 0.906721 0.364936 0.120379 0.547863 
23.5007 26.2076 1.04442 0.43154 0.0748209 0.829159 
23.5165 26.2595 1.14307 -0.278741 0.431918 0.157333 
23.5179 26.3199 1.12053 0.291569 0.170368 -0.382729 
23.5823 26.3508 1.00854 0.351793 0.13744 -0.737203 
23.6553 26.3764 0.873473 0.378159 0.118141 -0.613468 
23.7334 26.3978 0.763153 0.401972 0.0957538 -0.489732 
23.816 26.4146 0.67758 0.423485 0.0711407 -0.365997 
23.9027 26.4262 0.616754 0.443144 0.0450162 -0.242261 
23.9932 26.4325 0.580676 0.461517 0.0179676 -0.118525 
24.0872 26.4334 0.569344 0.479244 -0.00951033 0.00521003 
24.1849 26.4287 0.58276 0.496999 -0.0369697 0.128946 
24.2793 26.4287 0.598064 0.447468 0.036662 0.0241018 
24.3638 26.4434 0.5924 0.397582 0.110055 -0.0807419 
24.4384 26.4728 0.565768 0.348889 0.184241 -0.185586 
24.5036 26.5172 0.518166 0.302986 0.260179 -0.290429 
24.5599 26.577 0.449596 0.261573 0.338645 -0.395273 
24.6086 26.6528 0.360057 0.22649 0.420125 -0.500117 
24.667 26.7002 0.35142 0.356487 0.0532197 0.413747 
24.7274 26.7391 0.362247 0.247122 0.336177 -0.305474 
24.7862 26.7798 0.290368 0.337822 0.0697344 -0.41332 
24.861 26.7666 0.196919 0.406201 -0.203247 -0.521167 
24.9438 26.7167 0.107447 0.420253 -0.296394 -0.373553 
25.0286 26.648 0.0474979 0.427314 -0.390347 -0.225939 
25.1144 26.5605 0.0170714 0.430124 -0.484534 -0.0783256 
25.2 26.5131 -0.0121906 0.427795 0.0101398 -0.214295 
25.2859 26.5305 -0.0403021 0.432221 0.164296 -0.0668193 
25.373 26.5788 -0.0389183 0.438708 0.318383 0.0806566 
25.4612 26.6579 -0.00803943 0.442707 0.47255 0.228132 
25.55 26.7031 0.0160004 0.44644 -0.0200194 0.0122655 
25.639 26.7255 -0.0219858 0.445452 0.243587 -0.392127 
25.7257 26.7284 -0.127838 0.413266 -0.213242 -0.666395 
25.8043 26.6615 -0.219384 0.368992 -0.455765 -0.249068 
25.8783 26.5715 -0.281169 0.371913 -0.44424 -0.368783 
25.9531 26.4838 -0.366897 0.375676 -0.432963 -0.488497 
26.0287 26.3983 -0.476568 0.38052 -0.422109 -0.608212 
26.1054 26.3149 -0.610182 0.386643 -0.411925 -0.727927 
26.1834 26.2334 -0.767739 0.394177 -0.40274 -0.847641 
26.2631 26.1537 -0.949239 0.40315 -0.39496 -0.967356 
26.3497 26.0785 -1.05697 0.46279 -0.358115 -0.109951 
26.4277 25.999 -1.13445 0.316508 -0.435079 -0.664872 
26.4783 25.9065 -1.18155 0.189143 -0.4887 0.19389 
26.5193 25.8101 -1.14231 0.220659 -0.475048 0.19849 
26.5665 25.7166 -1.10215 0.251609 -0.460155 0.203091 
26.6199 25.6261 -1.06108 0.281929 -0.444018 0.207691 
26.6792 25.539 -1.01908 0.311552 -0.426636 0.212292 
26.7445 25.4556 -0.976159 0.34041 -0.408012 0.216892 
26.8154 25.3759 -0.93232 0.368434 -0.388154 0.221493 
26.8882 25.2976 -0.896204 0.359802 -0.394824 0.139671 
26.9593 25.218 -0.876452 0.351359 -0.401733 0.0578492 
27.0287 25.1369 -0.873064 0.342997 -0.40874 -0.0239725 
27.0965 25.0545 -0.886041 0.334601 -0.415706 -0.105794 
27.1626 24.9707 -0.915382 0.32606 -0.422493 -0.187616 
27.2269 24.8855 -0.961087 0.317271 -0.428954 -0.269438 
27.2894 24.7991 -1.02316 0.308147 -0.434932 -0.351259 
27.3401 24.7058 -1.10708 0.197577 -0.496484 -0.487935 
27.3934 24.613 -1.15506 0.335887 -0.432808 0.00813951 
27.4744 24.5327 -1.10382 0.47409 -0.368907 0.504214 
27.5625 24.4552 -1.03101 0.406573 -0.406501 0.223883 
27.6372 24.3699 -1.01427 0.340792 -0.447088 -0.0564467 
27.7104 24.2836 -1.01264 0.391223 -0.415807 0.0727519 
27.7937 24.2036 -0.985167 0.441192 -0.383797 0.201951 
27.8868 24.1302 -0.931857 0.489823 -0.349798 0.331149 
27.9694 24.0484 -0.875067 0.337636 -0.470099 0.236746 
28.0502 23.966 -0.782577 0.46878 -0.351681 0.688155 
28.1447 23.8965 -0.698795 0.476173 -0.343448 0.149664 
28.2407 23.8286 -0.722712 0.483319 -0.334995 -0.388828 
28.3381 23.7624 -0.854326 0.491093 -0.327128 -0.927319 
28.4285 23.6909 -0.969386 0.411953 -0.386943 -0.223275 
28.5027 23.6079 -0.943636 0.330179 -0.443194 0.480768 
28.5772 23.5256 -0.936953 0.414283 -0.379865 -0.413938 
28.6522 23.4442 -1.00332 0.335379 -0.433606 -0.249725 
28.7112 23.3524 -1.03684 0.253879 -0.483347 -0.0855121 
28.7625 23.2561 -1.05047 0.259362 -0.48016 -0.0507251 
28.8265 23.1672 -0.972894 0.379708 -0.407284 0.826452 
28.896 23.0809 -0.868187 0.316619 -0.456283 0.220623 
28.9683 22.9976 -0.783039 0.404992 -0.375859 0.630853 
29.0463 22.9192 -0.695547 0.375332 -0.408812 0.24407 
29.1185 22.834 -0.685411 0.347306 -0.443185 -0.142713 
29.1851 22.7419 -0.752632 0.318316 -0.476737 -0.529496 
29.2658 22.664 -0.769311 0.488756 -0.303009 0.362705 
29.3461 22.5848 -0.753124 0.314269 -0.489623 -0.200839 
29.4254 22.5041 -0.766503 0.479053 -0.317727 0.0670489 
29.5196 22.439 -0.826599 0.463536 -0.333278 -0.668004 
29.6113 22.3715 -0.911031 0.453223 -0.341856 -0.176321 
29.7009 22.3023 -0.897127 0.442611 -0.350067 0.315361 
29.7884 22.2314 -0.784887 0.432543 -0.358926 0.807044 
29.8637 22.1471 -0.62964 0.323888 -0.486305 0.745429 
29.9321 22.0552 -0.578704 0.359214 -0.433294 -0.236075 
30.0031 21.9673 -0.616171 0.351125 -0.445142 -0.138596 
30.0725 21.8771 -0.634142 0.34271 -0.456762 -0.0411163 
30.1402 21.7846 -0.632618 0.334199 -0.468312 0.056363 
30.2062 21.6898 -0.611597 0.32582 -0.479957 0.153842 
30.2705 21.5926 -0.571081 0.317803 -0.491854 0.251322 
30.3344 21.4948 -0.511433 0.321226 -0.486181 0.345158 
30.399 21.3981 -0.433018 0.324248 -0.480286 0.438995 
30.4641 21.3027 -0.335835 0.326742 -0.474149 0.532832 
30.5288 21.2056 -0.194963 0.320337 -0.497191 0.875885 
30.5932 21.1083 -0.0784379 0.323154 -0.475114 0.289366 
30.6579 21.0155 -0.0792168 0.324691 -0.452898 -0.297154 
30.7274 20.9719 -0.117874 0.372745 0.0165519 -0.0894231 
30.8076 21.0221 -0.114986 0.429191 0.485097 0.118308 
30.8827 21.0226 -0.115588 0.321403 -0.47984 -0.124331 
30.9572 21.011 -0.126723 0.425977 0.362983 0.0129794 
31.0362 21.0339 -0.118089 0.364318 -0.134096 0.0733652 
31.1136 21.0491 -0.0736053 0.406854 0.286398 0.371472 
31.193 21.072 -0.0609363 0.387256 -0.0570538 -0.244781 
31.2725 21.0895 -0.0709749 0.408238 0.23208 0.144395 
31.3517 21.0879 0.0185553 0.390789 -0.248144 0.750907 
31.4287 21.0558 0.149111 0.37554 -0.0735153 0.554655 
31.5034 21.0433 0.240714 0.37108 -0.0513037 0.361372 
31.577 21.0352 0.29366 0.365027 -0.0294669 0.168088 
31.6493 21.0315 0.307949 0.358243 -0.00784364 -0.0251954 
31.7203 21.0321 0.283582 0.351567 0.0138132 -0.218479 
31.79 21.0371 0.220558 0.345845 0.0357379 -0.411762 
31.8588 21.0464 0.118877 0.341947 0.058053 -0.605046 
31.927 21.0603 -0.0214605 0.340772 0.0806667 -0.798329 
31.9949 21.0722 -0.108929 0.33747 0.0379929 -0.0763569 
32.0619 21.0755 -0.0520033 0.333515 -0.00463328 0.645616 
32.1286 21.072 0.102075 0.334048 -0.0301408 0.895166 
32.1912 21.0928 0.253197 0.284852 0.23674 0.616055 
32.2607 21.0992 0.395939 0.420121 -0.169661 0.81137 
32.3183 21.1221 0.468798 0.148748 0.396059 -0.0827794 
32.3537 21.1901 0.465864 0.205463 0.283027 0.0534321 
32.4006 21.2354 0.490171 0.263382 0.170612 0.189644 
32.4593 21.2585 0.541721 0.325516 0.0604822 0.325855 
32.5312 21.2599 0.620513 0.394681 -0.0453512 0.462066 
32.6179 21.2408 0.726548 0.4733 -0.14433 0.598278 
32.66 21.2666 0.836782 -0.0619927 0.393283 0.504069 
32.6628 21.3323 0.881796 0.0908092 0.264003 -0.0539281 
32.6962 21.3721 0.815211 0.242193 0.133095 -0.611925 
32.7258 21.4178 0.736873 0.0558249 0.325793 -0.171457 
32.7748 21.439 0.6234 0.426445 -0.120222 -0.963272 
32.8439 21.4402 0.503695 0.269458 0.135036 -0.233774 
32.8834 21.4935 0.529891 0.12449 0.3975 0.495724 
32.9092 21.5715 0.556617 0.133882 0.382363 -0.228457 
32.9369 21.6464 0.438508 0.142568 0.366821 -0.952639 
32.9758 21.6936 0.254975 0.237804 0.10229 -0.88269 
33.0202 21.7289 0.151124 0.209118 0.250704 -0.155812 
33.0597 21.794 0.19265 0.18506 0.399996 0.571066 
33.096 21.8773 0.224732 0.177645 0.432789 -0.25024 
33.1312 21.9656 0.177408 0.173999 0.450718 -0.223004 
33.1657 22.0576 0.135531 0.171156 0.468791 -0.195768 
33.1997 22.1531 0.0991009 0.169023 0.486963 -0.168532 
33.2423 22.1527 0.0748299 0.252784 -0.491541 -0.074179 
33.2875 22.131 0.0518632 0.203123 0.274926 -0.155488 
33.3288 22.1719 0.0248942 0.208454 0.133542 -0.114203 
33.3707 22.1844 0.00618206 0.210555 -0.00792985 -0.0729181 
33.4129 22.1687 -0.00427309 0.210593 -0.149418 -0.0316334 
33.4549 22.1247 -0.00647129 0.209736 -0.290905 0.00965135 
33.4968 22.0523 -0.000412546 0.209151 -0.432392 0.0509361 
33.5386 21.9802 -0.0005531 0.208973 -0.288598 -0.0523416 
33.5805 21.9369 -0.0213492 0.2103 -0.144812 -0.155619 
33.623 21.9223 -0.0628008 0.216101 -0.00114459 -0.258897 
33.6674 21.9364 -0.124908 0.229328 0.142017 -0.362175 
33.7154 21.979 -0.207671 0.252879 0.283829 -0.465452 
33.7694 22.0498 -0.311089 0.289504 0.422815 -0.56873 
33.8193 22.1118 -0.384363 0.206436 0.198371 -0.164014 
33.8515 22.1293 -0.376694 0.116033 -0.0232758 0.240703 
33.8937 22.1754 -0.307206 0.299538 0.486535 0.45418 
33.9534 22.2723 -0.205734 0.298392 0.482196 0.560537 
34.013 22.3683 -0.0829912 0.297738 0.477757 0.666894 
34.0726 22.4634 0.0610234 0.297681 0.473271 0.773252 
34.1322 22.5576 0.226309 0.298315 0.468832 0.879609 
34.1919 22.6509 0.412867 0.299716 0.464573 0.985966 
34.252 22.7437 0.562008 0.300512 0.463101 0.50544 
34.3122 22.8362 0.615043 0.301453 0.461715 0.0249149 
34.3725 22.9284 0.571974 0.302401 0.460334 -0.455611 
34.4331 23.0203 0.432799 0.303218 0.458874 -0.936136 
34.5117 23.0674 0.308692 0.472975 0.0081807 -0.304928 
34.5968 23.1011 0.24248 0.381628 0.33014 -0.357201 
34.6734 23.1658 0.177503 0.384371 0.317201 -0.292567 
34.7505 23.228 0.125453 0.386353 0.304123 -0.227933 
34.8346 23.2334 0.158418 0.458095 -0.249612 0.557585 
34.9168 23.235 0.184743 0.361347 0.265154 -0.294333 
34.9881 23.2934 0.133533 0.352737 0.31924 -0.217769 
35.058 23.3627 0.0976354 0.34649 0.373652 -0.141205 
35.1268 23.4429 0.0770508 0.341782 0.428221 -0.0646406 
35.1948 23.534 0.0717792 0.337779 0.482848 0.0119236 
35.2644 23.5948 -0.00993081 0.353849 0.125512 -0.829023 
35.3334 23.5869 -0.105173 0.330964 -0.204133 -0.123401 
35.3997 23.5465 -0.126875 0.331376 -0.200611 -0.0936139 
35.466 23.5067 -0.142619 0.331854 -0.197098 -0.0638268 
35.5324 23.4676 -0.152405 0.332377 -0.193592 -0.0340397 
35.599 23.4293 -0.156235 0.332924 -0.190089 -0.00425268 
35.6656 23.3916 -0.154107 0.333473 -0.186586 0.0255344 
35.7323 23.3546 -0.146021 0.334005 -0.183081 0.0553214 
35.7992 23.3184 -0.131978 0.334498 -0.17957 0.0851085 
35.8661 23.2828 -0.111978 0.334931 -0.176051 0.114896 
35.9332 23.2479 -0.0860197 0.335283 -0.172523 0.144683 
36.0002 23.2138 -0.0541045 0.335533 -0.168986 0.17447 
36.0682 23.1988 -0.0284416 0.342994 0.0186761 0.0821589 
36.1372 23.2213 -0.0212409 0.34737 0.20644 -0.010152 
36.2071 23.2813 -0.0325024 0.352127 0.394195 -0.102463 
36.2754 23.3121 -0.092437 0.325261 -0.0859635 -0.496883 
36.3413 23.3028 -0.103667 0.334169 -0.00728308 0.384581 
36.4104 23.3292 -0.0567881 0.355195 0.271709 0.0842121 
36.4794 23.3484 -0.0946764 0.331744 -0.0798296 -0.463095 
36.5466 23.3394 -0.177387 0.341339 -0.0105843 -0.364008 
36.6162 23.3441 -0.240279 0.355947 0.057788 -0.26492 
36.6892 23.3624 -0.283355 0.374156 0.125297 -0.165833 
36.766 23.3942 -0.306613 0.394596 0.192168 -0.0667451 
36.8471 23.4393 -0.310053 0.415927 0.258762 0.0323425 
36.9289 23.4864 -0.235675 0.402236 0.211893 0.711431 
37.0114 23.5395 -0.133769 0.421677 0.319958 0.307638 
37.0971 23.6144 -0.11262 0.434441 0.42906 -0.096156 
37.1845 23.7056 -0.0440582 0.439478 0.483075 0.781778 
37.2723 23.7709 0.0491463 0.443576 0.169497 0.150267 
37.3626 23.7734 0.0160485 0.4571 -0.143915 -0.481244 
37.454 23.7687 0.0110755 0.457497 0.0964039 0.431513 
37.5466 23.7575 0.078042 0.472047 -0.207876 0.238152 
37.6388 23.7419 0.0828009 0.449305 0.0511733 -0.190563 
37.7285 23.755 0.0520662 0.44735 0.0806602 -0.116785 
37.8178 23.7741 0.0360871 0.446084 0.110186 -0.0430064 
37.9069 23.7991 0.0348637 0.445072 0.139721 0.0307716 
37.9958 23.83 0.0483958 0.443878 0.16925 0.10455 
38.0844 23.8668 0.0766836 0.442068 0.198746 0.178328 
38.1726 23.9095 0.119727 0.439206 0.228158 0.252106 
38.2642 23.9261 0.136599 0.478302 -0.0623885 -0.0833899 
38.3578 23.929 0.12962 0.457846 0.0922747 0.0136009 
38.4473 23.963 0.142039 0.436971 0.246881 0.110592 
38.5324 24.0278 0.173856 0.412682 0.400982 0.207582 
38.6164 24.0998 0.185192 0.427902 0.319453 -0.0942297 
38.7034 24.1555 0.136164 0.441581 0.237658 -0.396042 
38.7959 24.1648 0.0410285 0.476658 -0.145673 -0.555318 
38.8908 24.1765 -0.0319343 0.477394 0.262378 -0.17431 
38.9855 24.2106 -0.0433712 0.469754 0.0786297 0.0599402 
39.0802 24.2494 0.027161 0.473893 0.310348 0.645382 
39.1767 24.2798 0.0610991 0.492955 -0.00703317 -0.306 
39.2755 24.2738 0.031264 0.494819 -0.0525346 0.00764913 
39.3746 24.2588 0.0641588 0.496754 -0.0980327 0.321298 
39.4695 24.2883 0.156527 0.444705 0.392752 0.602383 
39.5584 24.3669 0.257768 0.444645 0.393031 0.410033 
39.6474 24.4455 0.32054 0.444563 0.393305 0.217682 
39.74 24.5138 0.416244 0.483511 0.289733 0.739355 
39.8277 24.5898 0.552567 0.388868 0.468751 0.623879 
39.9099 24.6768 0.621001 0.434621 0.401322 0.0604629 
40.0016 24.7504 0.576752 0.481191 0.334444 -0.502953 
40.0935 24.8242 0.573854 0.437934 0.403589 0.473966 
40.1793 24.9075 0.581533 0.420546 0.429435 -0.397171 
40.2709 24.9813 0.495405 0.493675 0.307322 -0.464105 
40.3701 25.0418 0.445187 0.498355 0.297952 -0.0380793 
40.4674 25.1066 0.408721 0.474511 0.349703 -0.326578 
40.5602 25.1818 0.314556 0.454101 0.402883 -0.615077 
40.6513 25.2612 0.183952 0.457036 0.391414 -0.690956 
40.7429 25.3383 0.0381732 0.458363 0.379652 -0.766836 
40.8345 25.4131 -0.122782 0.457877 0.367828 -0.842715 
40.9259 25.4855 -0.298913 0.455415 0.356255 -0.918594 
41.0086 25.5338 -0.409827 0.367873 0.12819 -0.190546 
41.0725 25.537 -0.375131 0.27166 -0.0964787 0.537502 
41.1459 25.5709 -0.304152 0.456712 0.43758 0.172288 
41.2322 25.6417 -0.277081 0.406906 0.270301 0.0984224 
41.3089 25.6789 -0.264783 0.360401 0.102071 0.0245566 
41.3764 25.6825 -0.267258 0.314722 -0.0663874 -0.0493091 
41.4347 25.6524 -0.284507 0.267385 -0.234385 -0.123175 
41.4831 25.5888 -0.316528 0.215926 -0.40116 -0.197041 
41.5442 25.5625 -0.295825 0.392626 0.138922 0.40407 
41.6303 25.6177 -0.227593 0.465632 0.413787 0.278253 
41.7187 25.677 -0.119134 0.422272 0.178404 0.806341 
41.8043 25.7282 -0.0188673 0.431411 0.333563 0.196324 
41.8908 25.8105 -0.040604 0.434454 0.489024 -0.413692 
41.9765 25.8891 -0.0960689 0.420477 0.297589 -0.140957 
42.0603 25.9458 -0.077212 0.417784 0.269169 0.329526 
42.1437 25.9968 0.0357417 0.416968 0.240648 0.80001 
42.2252 26.0684 0.154606 0.39296 0.475132 0.38863 
42.3082 26.1386 0.203205 0.439002 0.227402 0.0973628 
42.4011 26.1594 0.193551 0.489864 -0.0194083 -0.193904 
42.4936 26.1857 0.155761 0.436682 0.282281 -0.183998 
42.5829 26.2288 0.146372 0.456308 0.14927 0.0901147 
42.6762 26.2454 0.191806 0.478327 0.0166452 0.364228 
42.7664 26.2743 0.248794 0.420555 0.271467 0.205644 
42.8494 26.3327 0.308352 0.408885 0.312749 0.389943 
42.9297 26.3993 0.404771 0.394038 0.352986 0.574243 
43.0067 26.4738 0.538049 0.374685 0.391244 0.758542 
43.0792 26.5556 0.708188 0.349783 0.426121 0.942841 
43.1461 26.6441 0.828145 0.31792 0.458355 0.256732 
43.2063 26.7388 0.810881 0.284425 0.48893 -0.429376 
43.2794 26.8206 0.799572 0.446784 0.328957 0.316287 
43.3626 26.8922 0.853847 0.384463 0.386157 0.226461 
43.4331 26.9749 0.890156 0.319613 0.440481 0.136635 
43.4904 27.0683 0.9085 0.2533 0.493015 0.0468083 
43.5415 27.1665 0.938055 0.25862 0.488964 0.248737 
43.5938 27.2639 1.008 0.264134 0.485182 0.450666 
43.6455 27.3616 1.0177 0.252905 0.491982 -0.353572 
36.8471 23.4393 -0.310053 0.415927 0.258762 0.0323425 
36.9289 23.4864 -0.235675 0.402236 0.211893 0.711431 
37.0114 23.5395 -0.133769 0.421677 0.319958 0.307638 
37.0971 23.6144 -0.11262 0.434441 0.42906 -0.096156 
37.1845 23.7056 -0.0440582 0.439478 0.483075 0.781778 
37.2723 23.7709 0.0491463 0.443576 0.169497 0.150267 
37.3626 23.7734 0.0160485 0.4571 -0.143915 -0.481244 
37.454 23.7687 0.0110755 0.457497 0.0964039 0.431513 
37.5466 23.7575 0.078042 0.472047 -0.207876 0.238152 
37.6388 23.7419 0.0828009 0.449305 0.0511733 -0.190563 
37.7285 23.755 0.0520662 0.44735 0.0806602 -0.116785 
37.8178 23.7741 0.0360871 0.446084 0.110186 -0.0430064 
37.9069 23.7991 0.0348637 0.445072 0.139721 0.0307716 
37.9958 23.83 0.0483958 0.443878 0.16925 0.10455 
38.0844 23.8668 0.0766836 0.442068 0.198746 0.178328 
38.1726 23.9095 0.119727 0.439206 0.228158 0.252106 
38.2642 23.9261 0.136599 0.478302 -0.0623885 -0.0833899 
38.3578 23.929 0.12962 0.457846 0.0922747 0.0136009 
38.4473 23.963 0.142039 0.436971 0.246881 0.110592 
38.5324 24.0278 0.173856 0.412682 0.400982 0.207582 
38.6164 24.0998 0.185192 0.427902 0.319453 -0.0942297 
38.7034 24.1555 0.136164 0.441581 0.237658 -0.396042 
38.7959 24.1648 0.0410285 0.476658 -0.145673 -0.555318 
38.8908 24.1765 -0.0319343 0.477394 0.262378 -0.17431 
38.9855 24.2106 -0.0433712 0.469754 0.0786297 0.0599402 
39.0802 24.2494 0.027161 0.473893 0.310348 0.645382 
39.1767 24.2798 0.0610991 0.492955 -0.00703317 -0.306 
39.2755 24.2738 0.031264 0.494819 -0.0525346 0.00764913 
39.3746 24.2588 0.0641588 0.496754 -0.0980327 0.321298 
39.4695 24.2883 0.156527 0.444705 0.392752 0.602383 
39.5584 24.3669 0.257768 0.444645 0.393031 0.410033 
39.6474 24.4455 0.32054 0.444563 0.393305 0.217682 
39.74 24.5138 0.416244 0.483511 0.289733 0.739355 
39.8277 24.5898 0.552567 0.388868 0.468751 0.623879 
39.9099 24.6768 0.621001 0.434621 0.401322 0.0604629 
40.0016 24.7504 0.576752 0.481191 0.334444 -0.502953 
40.0935 24.8242 0.573854 0.437934 0.403589 0.473966 
40.1793 24.9075 0.581533 0.420546 0.429435 -0.397171 
40.2709 24.9813 0.495405 0.493675 0.307322 -0.464105 
40.3701 25.0418 0.445187 0.498355 0.297952 -0.0380793 
40.4674 25.1066 0.408721 0.474511 0.349703 -0.326578 
40.5602 25.1818 0.314556 0.454101 0.402883 -0.615077 
40.6513 25.2612 0.183952 0.457036 0.391414 -0.690956 
40.7429 25.3383 0.0381732 0.458363 0.379652 -0.766836 
40.8345 25.4131 -0.122782 0.457877 0.367828 -0.842715 
40.9259 25.4855 -0.298913 0.455415 0.356255 -0.918594 
41.0086 25.5338 -0.409827 0.367873 0.12819 -0.190546 
41.0725 25.537 -0.375131 0.27166 -0.0964787 0.537502 
41.1459 25.5709 -0.304152 0.456712 0.43758 0.172288 
41.2322 25.6417 -0.277081 0.406906 0.270301 0.0984224 
41.3089 25.6789 -0.264783 0.360401 0.102071 0.0245566 
41.3764 25.6825 -0.267258 0.314722 -0.0663874 -0.0493091 
41.4347 25.6524 -0.284507 0.267385 -0.234385 -0.123175 
41.4831 25.5888 -0.316528 0.215926 -0.40116 -0.197041 
41.5442 25.5625 -0.295825 0.392626 0.138922 0.40407 
41.6303 25.6177 -0.227593 0.465632 0.413787 0.278253 
41.7187 25.677 -0.119134 0.422272 0.178404 0.806341 
41.8043 25.7282 -0.0188673 0.431411 0.333563 0.196324 
41.8908 25.8105 -0.040604 0.434454 0.489024 -0.413692 
41.9765 25.8891 -0.0960689 0.420477 0.297589 -0.140957 
42.0603 25.9458 -0.077212 0.417784 0.269169 0.329526 
42.1437 25.9968 0.0357417 0.416968 0.240648 0.80001 
42.2252 26.0684 0.154606 0.39296 0.475132 0.38863 
42.3082 26.1386 0.203205 0.439002 0.227402 0.0973628 
42.4011 26.1594 0.193551 0.489864 -0.0194083 -0.193904 
42.4936 26.1857 0.155761 0.436682 0.282281 -0.183998 
42.5829 26.2288 0.146372 0.456308 0.14927 0.0901147 
42.6762 26.2454 0.191806 0.478327 0.0166452 0.364228 
42.7664 26.2743 0.248794 0.420555 0.271467 0.205644 
42.8494 26.3327 0.308352 0.408885 0.312749 0.389943 
42.9297 26.3993 0.404771 0.394038 0.352986 0.574243 
43.0067 26.4738 0.538049 0.374685 0.391244 0.758542 
43.0792 26.5556 0.708188 0.349783 0.426121 0.942841 
43.1461 26.6441 0.828145 0.31792 0.458355 0.256732 
43.2063 26.7388 0.810881 0.284425 0.48893 -0.429376 
43.2794 26.8206 0.799572 0.446784 0.328957 0.316287 
43.3626 26.8922 0.853847 0.384463 0.386157 0.226461 
43.4331 26.9749 0.890156 0.319613 0.440481 0.136635 
43.4904 27.0683 0.9085 0.2533 0.493015 0.0468083 
43.5415 27.1665 0.938055 0.25862 0.488964 0.248737 
43.5938 27.2639 1.008 0.264134 0.485182 0.450666 
43.6455 27.3616 1.0177 0.252905 0.491982 -0.353572 
36.8471 23.4393 -0.310053 0.415927 0.258762 0.0323425 
36.9289 23.4864 -0.235675 0.402236 0.211893 0.711431 
37.0114 23.5395 -0.133769 0.421677 0.319958 0.307638 
37.0971 23.6144 -0.11262 0.434441 0.42906 -0.096156 
37.1845 23.7056 -0.0440582 0.439478 0.483075 0.781778 
37.2723 23.7709 0.0491463 0.443576 0.169497 0.150267 
37.3626 23.7734 0.0160485 0.4571 -0.143915 -0.481244 
37.454 23.7687 0.0110755 0.457497 0.0964039 0.431513 
37.5466 23.7575 0.078042 0.472047 -0.207876 0.238152 
37.6388 23.7419 0.0828009 0.449305 0.0511733 -0.190563 
37.7285 23.755 0.0520662 0.44735 0.0806602 -0.116785 
37.8178 23.7741 0.0360871 0.446084 0.110186 -0.0430064 
37.9069 23.7991 0.0348637 0.445072 0.139721 0.0307716 
37.9958 23.83 0.0483958 0.443878 0.16925 0.10455 
38.0844 23.8668 0.0766836 0.442068 0.198746 0.178328 
38.1726 23.9095 0.119727 0.439206 0.228158 0.252106 
38.2642 23.9261 0.136599 0.478302 -0.0623885 -0.0833899 
38.3578 23.929 0.12962 0.457846 0.0922747 0.0136009 
38.4473 23.963 0.142039 0.436971 0.246881 0.110592 
38.5324 24.0278 0.173856 0.412682 0.400982 0.207582 
38.6164 24.0998 0.185192 0.427902 0.319453 -0.0942297 
38.7034 24.1555 0.136164 0.441581 0.237658 -0.396042 
38.7959 24.1648 0.0410285 0.476658 -0.145673 -0.555318 
38.8908 24.1765 -0.0319343 0.477394 0.262378 -0.17431 
38.9855 24.2106 -0.0433712 0.469754 0.0786297 0.0599402 
39.0802 24.2494 0.027161 0.473893 0.310348 0.645382 
39.1767 24.2798 0.0610991 0.492955 -0.00703317 -0.306 
39.2755 24.2738 0.031264 0.494819 -0.0525346 0.00764913 
39.3746 24.2588 0.0641588 0.496754 -0.0980327 0.321298 
39.4695 24.2883 0.156527 0.444705 0.392752 0.602383 
39.5584 24.3669 0.257768 0.444645 0.393031 0.410033 
39.6474 24.4455 0.32054 0.444563 0.393305 0.217682 
39.74 24.5138 0.416244 0.483511 0.289733 0.739355 
39.8277 24.5898 0.552567 0.388868 0.468751 0.623879 
39.9099 24.6768 0.621001 0.434621 0.401322 0.0604629 
40.0016 24.7504 0.576752 0.481191 0.334444 -0.502953 
40.0935 24.8242 0.573854 0.437934 0.403589 0.473966 
40.1793 24.9075 0.581533 0.420546 0.429435 -0.397171 
40.2709 24.9813 0.495405 0.493675 0.307322 -0.464105 
40.3701 25.0418 0.445187 0.498355 0.297952 -0.0380793 
40.4674 25.1066 0.408721 0.474511 0.349703 -0.326578 
40.5602 25.1818 0.314556 0.454101 0.402883 -0.615077 
40.6513 25.2612 0.183952 0.457036 0.391414 -0.690956 
40.7429 25.3383 0.0381732 0.458363 0.379652 -0.766836 
40.8345 25.4131 -0.122782 0.457877 0.367828 -0.842715 
40.9259 25.4855 -0.298913 0.455415 0.356255 -0.918594 
41.0086 25.5338 -0.409827 0.367873 0.12819 -0.190546 
41.0725 25.537 -0.375131 0.27166 -0.0964787 0.537502 
41.1459 25.5709 -0.304152 0.456712 0.43758 0.172288 
41.2322 25.6417 -0.277081 0.406906 0.270301 0.0984224 
41.3089 25.6789 -0.264783 0.360401 0.102071 0.0245566 
41.3764 25.6825 -0.267258 0.314722 -0.0663874 -0.0493091 
41.4347 25.6524 -0.284507 0.267385 -0.234385 -0.123175 
41.4831 25.5888 -0.316528 0.215926 -0.40116 -0.197041 
41.5442 25.5625 -0.295825 0.392626 0.138922 0.40407 
41.6303 25.6177 -0.227593 0.465632 0.413787 0.278253 
41.7187 25.677 -0.119134 0.422272 0.178404 0.806341 
41.8043 25.7282 -0.0188673 0.431411 0.333563 0.196324 
41.8908 25.8105 -0.040604 0.434454 0.489024 -0.413692 
41.9765 25.8891 -0.0960689 0.420477 0.297589 -0.140957 
42.0603 25.9458 -0.077212 0.417784 0.269169 0.329526 
42.1437 25.9968 0.0357417 0.416968 0.240648 0.80001 
42.2252 26.0684 0.154606 0.39296 0.475132 0.38863 
42.3082 26.1386 0.203205 0.439002 0.227402 0.0973628 
42.4011 26.1594 0.193551 0.489864 -0.0194083 -0.193904 
42.4936 26.1857 0.155761 0.436682 0.282281 -0.183998 
42.5829 26.2288 0.146372 0.456308 0.14927 0.0901147 
42.6762 26.2454 0.191806 0.478327 0.0166452 0.364228 
42.7664 26.2743 0.248794 0.420555 0.271467 0.205644 
42.8494 26.3327 0.308352 0.408885 0.312749 0.389943 
42.9297 26.3993 0.404771 0.394038 0.352986 0.574243 
43.0067 26.4738 0.538049 0.374685 0.391244 0.758542 
43.0792 26.5556 0.708188 0.349783 0.426121 0.942841 
43.1461 26.6441 0.828145 0.31792 0.458355 0.256732 
43.2063 26.7388 0.810881 0.284425 0.48893 -0.429376 
43.2794 26.8206 0.799572 0.446784 0.328957 0.316287 
43.3626 26.8922 0.853847 0.384463 0.386157 0.226461 
43.4331 26.9749 0.890156 0.319613 0.440481 0.136635 
43.4904 27.0683 0.9085 0.2533 0.493015 0.0468083 
43.5415 27.1665 0.938055 0.25862 0.488964 0.248737 
43.5938 27.2639 1.008 0.264134 0.485182 0.450666 
43.6455 27.3616 1.0177 0.252905 0.491982 -0.353572 
43.6987 27.4583 0.954127 0.278728 0.474839 -0.282208 
43.7603 27.5491 0.982202 0.337175 0.433402 0.562961 
43.8283 27.6354 1.10655 0.34332 0.429815 0.680546 
43.888 27.7254 1.21713 0.252975 0.468514 0.42519 
43.9293 27.8223 1.27663 0.159636 0.49941 0.169835 
43.967 27.9205 1.34233 0.217218 0.483684 0.487161 
44.0163 28.0161 1.47149 0.276026 0.473639 0.804486 
44.0514 28.1119 1.60214 0.0748365 0.479462 0.502025 
44.0462 28.2066 1.6723 -0.126025 0.465082 0.199565 
44.001 28.2974 1.68197 -0.326194 0.442695 -0.102896 
43.9368 28.386 1.59007 -0.315921 0.443488 -0.816113 
43.8924 28.4744 1.52584 -0.128642 0.437991 0.173783 
43.8623 28.5621 1.52741 -0.17205 0.43967 -0.157998 
43.8235 28.6503 1.46264 -0.215377 0.442718 -0.48978 
43.7762 28.7395 1.3315 -0.258174 0.449985 -0.821561 
43.7635 28.8177 1.1743 0.128607 0.322204 -0.750471 
43.826 28.8646 1.03131 0.491997 0.137992 -0.679381 
43.9002 28.9083 0.884777 0.253939 0.30472 -0.785993 
43.9622 28.9592 0.778847 0.364396 0.202327 -0.273308 
44.0456 28.9889 0.775454 0.469142 0.0940024 0.239377 
44.1053 29.042 0.769265 0.128016 0.437888 -0.301267 
44.1561 29.1031 0.780601 0.380571 0.173759 0.414623 
44.2431 29.1274 0.842915 0.490416 0.0702716 0.208514 
44.3291 29.1522 0.817053 0.370423 0.177559 -0.467131 
44.3998 29.1911 0.750556 0.336287 0.212113 -0.197835 
44.4679 29.2325 0.777218 0.345261 0.202535 0.464449 
44.5221 29.2874 0.836173 0.195236 0.344683 0.125105 
44.5458 29.3702 0.82726 0.0416812 0.483052 -0.214238 
44.5851 29.4374 0.781869 0.349458 0.187103 -0.239672 
44.6252 29.5054 0.776245 0.0515094 0.493142 0.183432 
44.6619 29.5775 0.787509 0.316551 0.228479 -0.0707862 
44.737 29.6117 0.858461 0.435502 0.114969 0.780301 
44.8111 29.6448 1.0159 0.30283 0.212486 0.794081 
44.8572 29.6952 1.17609 0.156411 0.287791 0.807861 
44.873 29.7583 1.33904 -0.00021017 0.338558 0.821642 
44.8567 29.8289 1.50475 -0.16302 0.36302 0.835422 
44.8076 29.9017 1.67321 -0.327625 0.360064 0.849202 
44.7259 29.9711 1.84443 -0.489355 0.32933 0.862983 
44.643 30.042 1.98564 -0.340323 0.383641 0.549074 
44.5893 30.1256 2.06406 -0.19806 0.453998 0.235165 
44.5199 30.1995 2.15592 -0.49293 0.280547 0.683387 
44.427 30.2597 2.26202 -0.437073 0.32242 0.377686 
44.3449 30.3287 2.30699 -0.384515 0.368406 0.0719843 
44.2731 30.4071 2.29082 -0.33262 0.415147 -0.233717 
44.212 30.4948 2.26396 -0.278296 0.461209 -0.0348966 
44.1539 30.5849 2.29703 -0.302928 0.440335 0.365616 
44.091 30.6708 2.4102 -0.325957 0.417727 0.766128 
44.027 30.7558 2.46963 -0.314215 0.43207 -0.171841 
43.9624 30.8401 2.42061 -0.331392 0.411428 -0.318404 
43.8943 30.9204 2.34227 -0.349845 0.391924 -0.464967 
43.8224 30.997 2.23462 -0.370025 0.374221 -0.611531 
43.7462 31.0703 2.09766 -0.392207 0.359117 -0.758094 
43.6653 31.1409 1.93138 -0.416408 0.347542 -0.904657 
43.5984 31.2156 1.81544 -0.252119 0.396886 -0.25472 
43.5646 31.2991 1.82949 -0.0854387 0.437824 0.395217 
43.5408 31.3846 1.93272 -0.152283 0.416686 0.637027 
43.5039 31.4652 2.0843 -0.215867 0.387241 0.878837 
43.4682 31.5473 2.17205 -0.142249 0.434641 -0.00138219 
43.4413 31.6352 2.19322 -0.12714 0.445163 0.213116 
43.4173 31.7254 2.2573 -0.112494 0.456317 0.427615 
43.3962 31.8178 2.36427 -0.098859 0.468677 0.642114 
43.3777 31.9129 2.51414 -0.0869247 0.482676 0.856612 
43.3452 31.986 2.68628 -0.230516 0.243951 0.864797 
43.2883 32.0091 2.86006 -0.330879 -0.0159181 0.872982 
43.216 31.9788 3.03548 -0.384572 -0.289264 0.881167 
43.1419 31.9792 -3.0809 -0.372229 0.294491 0.786905 
43.0662 32.0507 -3.01143 -0.386127 0.420233 -0.0922005 
42.9942 32.0913 -3.05921 -0.337533 -0.0151154 -0.385628 
42.929 32.0445 3.1175 -0.322632 -0.452749 -0.679056 
42.8655 31.9696 2.98186 -0.30825 -0.29676 -0.677344 
42.8071 31.9256 2.84656 -0.272933 -0.144142 -0.675633 
42.7577 31.9115 2.71161 -0.217377 0.00232782 -0.673922 
42.7214 31.9259 2.577 -0.142643 0.140004 -0.672211 
42.7018 31.9668 2.44272 -0.0501288 0.266421 -0.6705 
42.7024 32.0316 2.3088 0.0584568 0.379335 -0.668788 
42.7262 32.1175 2.17521 0.181131 0.476759 -0.667077 
42.6953 32.1698 2.10399 -0.494921 0.0543794 -0.0450953 
42.6512 32.2119 2.01587 0.0583478 0.358299 -0.836168 
42.6114 32.2624 1.85175 -0.461946 0.160978 -0.804987 
42.5511 32.3021 1.69945 -0.138947 0.227582 -0.717992 
42.5562 32.3503 1.56455 0.190329 0.247281 -0.630997 
42.5497 32.4015 1.48816 -0.255191 0.2708 -0.132906 
42.5502 32.451 1.46572 0.260332 0.221914 -0.0915414 
42.5699 32.4993 1.39447 -0.0627282 0.264767 -0.620902 
42.6027 32.5421 1.25112 0.387532 0.152286 -0.812684 
42.6332 32.5908 1.10595 -0.0775141 0.346256 -0.638988 
42.6339 32.6511 1.00363 0.0831735 0.254198 -0.384154 
42.666 32.6917 0.952286 0.236371 0.150045 -0.12932 
42.7283 32.7109 0.951906 0.386841 0.0419523 0.125514 
42.8027 32.7213 0.973701 0.357474 0.0623657 0.0924396 
42.8713 32.7358 0.988882 0.327735 0.0822328 0.0593648 
42.9338 32.7542 0.997447 0.297761 0.101746 0.02629 
42.9904 32.7765 0.999398 0.267686 0.121101 -0.00678477 
43.0409 32.8026 0.994733 0.237636 0.140496 -0.0398596 
43.0854 32.8327 0.983454 0.207743 0.160131 -0.0729343 
43.124 32.8667 0.96556 0.178139 0.180199 -0.106009 
43.1567 32.9048 0.94105 0.148968 0.20089 -0.139084 
43.1836 32.9471 0.909926 0.120384 0.222385 -0.172159 
43.2049 32.9938 0.872187 0.0925568 0.24485 -0.205233 
43.2199 33.0459 0.781127 0.0578523 0.276272 -0.705369 
43.2334 33.0991 0.644041 0.0760769 0.255151 -0.665483 
43.2502 33.1478 0.514934 0.0913388 0.231797 -0.625597 
43.2697 33.1917 0.393803 0.103568 0.206718 -0.58571 
43.2914 33.2304 0.280649 0.112783 0.18038 -0.545824 
43.3146 33.2638 0.175473 0.119074 0.153193 -0.505938 
43.3361 33.3108 0.0718846 0.0985789 0.317522 -0.529947 
43.3552 33.3909 -0.0365058 0.0955835 0.48309 -0.553957 
43.3742 33.4851 -0.135292 0.0934858 0.459287 -0.433901 
43.3925 33.5746 -0.210066 0.0893322 0.435751 -0.313845 
43.4098 33.6594 -0.26083 0.0837097 0.412519 -0.19379 
43.4259 33.7396 -0.287582 0.0771908 0.389521 -0.073734 
43.4406 33.8152 -0.290323 0.0703333 0.366621 0.0463216 
43.454 33.8863 -0.269053 0.0636883 0.343658 0.166377 
43.4662 33.9527 -0.223772 0.0578113 0.320489 0.286433 
